DOLPHINS:
    1.3 MA_local_search: 20 generacija, lambda=0.3  

    1.4 MA_Sannealing: 20 generacija, lambda=0.3, 1000iter
    Max fitness =  [[3.65991903]]
    [(0, 1, 2, 4, 7, 10, 11, 19, 25, 26, 27, 28, 30, 31, 42, 46, 47, 49, 61), 
    (3, 8, 12, 14, 15, 16, 18, 20, 21, 23, 24, 29, 33, 34, 35, 36, 37, 38, 39, 40, 43, 44, 45, 50, 51, 52, 53, 55, 58, 59), 
    (5, 6, 9, 13, 17, 22, 32, 41, 48, 54, 56, 57, 60)]
    Number of communities:  3
    NMI: 0.5115053329987049

    1.5 MA_Sannealing: 100 generacija, lambda=0.3, 1000iter
    Max fitness =  [[5.10285714]] -> već nakon 25. generacije
    [(0, 2, 3, 4, 8, 10, 11, 12, 14, 15, 16, 18, 20, 21, 23, 24, 28, 29, 30, 33, 34, 35, 36, 37, 38, 39, 40, 42, 43, 44, 45, 46, 47, 49, 50, 51, 52, 53, 55, 58, 59, 61), 
    (1, 5, 6, 7, 9, 13, 17, 19, 22, 25, 26, 27, 31, 32, 41, 48, 54, 56, 57, 60)]
    Number of communities:  2
    NMI: 1.0

    1.6 MA_local_search: 100 generacija, lambda=0.3
    Max fitness =  [[2.96924603]]
    [(0, 2, 10, 28, 30, 42, 47, 53, 61), 
     (1, 17, 22, 25, 26, 27, 31), 
     (3, 4, 8, 11, 12, 14, 15, 16, 18, 20, 21, 23, 24, 29, 33, 34, 35, 36, 37, 38, 40, 43, 44, 45, 46, 49, 50, 51, 52, 55, 58, 59), 
     (5, 6, 7, 9, 13, 19, 32, 39, 41, 48, 54, 56, 57, 60)]
    Number of communities:  4
    NMI: 0.6228259666598644

    1.7 MA_Sannealing: 50 generacija, lambda=0.3, 500iter
    Max fitness =  [[5.10285714]]
    [(0, 2, 3, 4, 8, 10, 11, 12, 14, 15, 16, 18, 20, 21, 23, 24, 28, 29, 30, 33, 34, 35, 36, 37, 38, 39, 40, 42, 43, 44, 45, 46, 47, 49, 50, 51, 52, 53, 55, 58, 59, 61), 
    (1, 5, 6, 7, 9, 13, 17, 19, 22, 25, 26, 27, 31, 32, 41, 48, 54, 56, 57, 60)]
    Number of communities:  2
    NMI: 1.0

    1.8 MA_local_search: 50 generacija, lambda=0.3

    2.1 GN basic: 
    Max modularity (Q):  0.5193821446936435
    Graph communities:  [{1, 3, 43, 11, 48, 29, 31}, 
                         {2, 6, 7, 8, 10, 14, 18, 20, 23, 26, 27, 28, 32, 33, 40, 42, 49, 55, 57, 58, 61}, 
                         {4, 9, 13, 15, 17, 21, 34, 35, 37, 38, 39, 41, 44, 45, 47, 50, 51, 53, 59, 60}, 
                         {36, 5, 12, 46, 16, 19, 52, 22, 24, 25, 56, 30}, 
                         {62, 54}]
    Number of communities:  5
    NMI: 0.5541604990476864

    2.2 GN density 0.3:
    Max modularity (Q):  [[5.09965157]]
    Graph communities:  [{1, 3, 4, 5, 9, 11, 12, 13, 15, 16, 17, 19, 21, 22, 24, 25, 29, 30, 31, 34, 35, 36, 37, 38, 39, 41, 43, 44, 45, 46, 47, 48, 50, 51, 52, 53, 54, 56, 59, 60, 62}, 
    {2, 6, 7, 8, 10, 14, 18, 20, 23, 26, 27, 28, 32, 33, 40, 42, 49, 55, 57, 58, 61}]
    Number of communities:  2
    NMI: 0.8888359488640809
